Km = 0.0077;
Rm = 2.6;
Lm = 180;
Vmax = 5.0;
Kg = 1;
r = 0.0064;
mc = 0.526;
Kx = 2.28E-5;
Kth = 0.00153;
mp = 0.106;
lp = 0.168;
g = 9.81;
k1 = Km*Kg/r;